0.0000 -0.2817 0.9595
0.0701 -0.2729 0.9595
0.1357 -0.2469 0.9595
0.1929 -0.2054 0.9595
0.2379 -0.1510 0.9595
0.2679 -0.0871 0.9595
0.2812 -0.0177 0.9595
0.2767 0.0528 0.9595
0.2549 0.1200 0.9595
0.2171 0.1796 0.9595
0.1656 0.2279 0.9595
0.1037 0.2619 0.9595
0.0353 0.2795 0.9595
-0.0353 0.2795 0.9595
-0.1037 0.2619 0.9595
-0.1656 0.2279 0.9595
-0.2171 0.1796 0.9595
-0.2549 0.1200 0.9595
-0.2767 0.0528 0.9595
-0.2812 -0.0177 0.9595
-0.2679 -0.0871 0.9595
-0.2379 -0.1510 0.9595
-0.1929 -0.2054 0.9595
-0.1357 -0.2469 0.9595
-0.0701 -0.2729 0.9595
0.0453 -0.7198 0.6927
0.2229 -0.6859 0.6927
0.3864 -0.6089 0.6927
0.5257 -0.4937 0.6927
0.6320 -0.3474 0.6927
0.6985 -0.1794 0.6927
0.7212 0.0000 0.6927
0.6985 0.1794 0.6927
0.6320 0.3474 0.6927
0.5257 0.4937 0.6927
0.3864 0.6089 0.6927
0.2229 0.6859 0.6927
0.0453 0.7198 0.6927
-0.1351 0.7084 0.6927
-0.3071 0.6526 0.6927
-0.4597 0.5557 0.6927
-0.5835 0.4239 0.6927
-0.6706 0.2655 0.6927
-0.7155 0.0904 0.6927
-0.7155 -0.0904 0.6927
-0.6706 -0.2655 0.6927
-0.5835 -0.4239 0.6927
-0.4597 -0.5557 0.6927
-0.3071 -0.6526 0.6927
-0.1351 -0.7084 0.6927